# id	file_path	transparent_color_r	g	b
[TEXTURES]
0	textures\mario.png	255	255	255
20	textures\misc.png	176	224	248
10	textures\enemies.png	3	26	110
100	textures\Chowmein Conga.png	3	26	110
200	textures\Player.png	3	26	110
201	textures\playerRIU.png	153	217	234
250	textures\Player2.png	3	26	110
1	textures\Map.png	248	0	248
# id	left	top	right	bottom	texture_id
[SPRITES]
#MAP
1000001	1	1196	1609	1417	1
#Backround
1000002	2	2	2375	274	1
#Player
# idle RIGHT
110001	10	113	39	151	201
110002	44	113	73	151	201
110003	78	113	108	151	201
110004	113	113	144	151	201	
# idle LEFT
110051	579	414	608	451	250
110052	545	415	574	451	250
#Walk_loi_Right
115003	10	157	42	197	201
115004	47	156	79	197	201
115005	84	156	116	193	201
115006	121	157	148	197	201
115007	153	157	182	197	201
115008	187	157	217	197	201
115009	222	157	254	197	201
115010	259	156	294	197	201
115011	299	156	335	193	201
115012	340	157	371	197	201
115013	376	157	407	197	201
115014	412	157	443	197	201
#Walk_loi_Left
115503	1029	412	1063	451	250
115504	994	411	1026	451	250
115505	962	410	991	451	250
115506	932	411	959	451	250
115507	900	412	929	451	250
115508	865	411	897	451	250
115509	828	410	862	451	250
115510	789	411	825	451	250
115511	749	412	786	451	250
115512	709	411	746	451	250
115513	669	410	706	451	250
115514	630	411	666	451	250
# BIG MARIO 
# idle right
10001	246	154	260	181	0
# walk
1002	275	154	290	181	0		
10003	304	154	321	181	0
# idle left
10011	186	154	200	181	0
#walk
10012	155	154	170	181	0
10013	125	154	140	181	0
# die 
10099	215	120	231	135	0
# SMALL MARIO
# idle small right
10021	247	0	259	15	0
# walk
10022	275	0	291	15	0
10023	306	0	320	15	0
# idle small left
10031	187	0	198	15	0
# walk
10032	155	0	170	15	0
10033	125	0	139	15	0
#BRICK
20001	408	225	424	241	20
#GOOMBA
30001	5	14	21	29	10
30002	25	14	41	29	10
#die
30003	45	21	61	29	10


#Conga
100001	15	27	66	72	100
100002	82	27	132	72	100
100003	147	27	197	72	100
100004	211	28	263	72	100
100005	279	28	332	72	100
100006	347	28	400	72	100
100007	415	27	465	71	100
#brick with question mark animation
40001	300	117	316	133	20
40002	318	117	334	133	20
40003	336	117	352	133	20
40004	355	117	370	133	20
						
# ani_id	sprite1_id	time1	sprite2_id	time2	...
[ANIMATIONS]
#MAP
1001	1000001	100
1002	1000002	100
#Player
#idle RIGHT
1101	110001	250	110002	250	110003	250	110004	250
#idle LEFT
1151	110051	500	110052	500
#walk_loi
11501	115003	75	115004	75	115005	75	115006	75	115007	75	115008	75	115009	75	115010	75	115011	75	115012	75	115013	75	115014	75
#walk_loi_Left
11551	115503	100	115504	100	115505	100	115506	100	115507	100	115508	100	115509	100	115510	100	115511	100	115512	100	115513	100	115514	100
# ==== MARIO =========
#idle BIG right
400	10001	100
#idle BIG left
401	10011	100
#idle small right
402	10021	100
#idle small left
403	10031	100
#walk right big
500	10001	100	1002	100	10003	100
#walk left big
501	10011	100	10012	100	10013	100
#walk right small
502	10021	100	10022	100	10023	100
#walk left small
503	10031	100	10032	100	10033	100
#die
599	10099	100


# ==== BRICK =========
601	20001	100

# ==== QUESTION MARK BRICK =========
602	40001	1000	40001	100	40002	100	40003	100	40004	100


# ==== GOOMBA  =========
# walk
701	100001	100	100002	100	100003	100	100004	100	100005	100	100006	100	100007	100
#701	30001	100	30002	100
# die
702	30003	100

#Conga
#idle
#1001	100001	100	100002	100	100003	100	
#
# id	ani1	ani2	ani3
#
[ANIMATION_SETS]
# MARIO
1	1101	1151	402	403	11501	11551	502	503	599

#1	400	401	402	403	500	501	502	503	599
# BRICK 
2	1001
32	1002
# QUESTION MARK BRICK 
22	602
# GOOMBA
3	701	702	11501

[OBJECTS]
# type	x	y	ani_set_id	extra_settings per object type
# type: 0 = Mario , 1 = Brick, 2 = Goomba
#Brick 2
4	0	312	32
# BRICK 
1	0	261	2

# MARIO
0	0	107	1

# GOOMBA
2	200	87	3
2	260	87	3
2	320	87	3


# --- platform (hint: I created the list using Excel!) ----

# --- SCENE PORTAL ----
# type	l	t	ani_set_id	r	b	scene_id
50	300	98	0	316	150	2

